Mapa:[0,111111111111111111111111111111111111111111111111111111111111111111111111111111111111111111
1,111111111111111111111111111111111111111111111111111111111111111111111111111111111111111111
2,111111111111111111111111111111111111111111111111111111111111111111111111111111111111111111
3,1111111111d000000000000000000000000000000000000000000000000000000000000c111111111111111111
4,11111111d000000000000000000000000000000000000000000000000000000000000000000000c11111111111
5,111111d00000000000000000000000000000000000000000000000000000000000000000000000001111111111
6,11111d000000000000000000000000000000000000000000000000000000000000000000000000000011111111
7,11111000000000000000000000000000000000000000000000000000000000000000000000000000000c111111
8,1111d0000000000000000000000000000000000000000000000000000000000000000000000000000000c11111
9,1111000000000000000000000000000000000000000000000000000000000000000000000000220000000c1111
10,111100000000000000000000000000000000000000000000000000000000000000000000000022000000001111
11,111d00000000000a11111111111111111111111111111111111111111111111111111111111111b0000000c111
12,1110000000000a1111111111111111111111111111111111111111111111111111111111111111100000000111
13,111000000000a11111111111111111111111111111111111111111111111111111111111111111100000000111
14,11100000000a111111111111111111111111111111111111111111111111111111111111111111100000000111
15,11d0000022a11111111111111111111111111111111111111111111111111111111111111111111b0000000111
16,110000002211111111111111111111111111111111111111111111111111111111111111111111110000000111
17,110000000a11111111111111111111111111111111111111111111111111111111111111111111110000000111
18,1d0000000111111111111111111111111111111111111111111111111111111111111111111111110000000111
19,100000000111111111111111111111111111111111111111111111111111111111111111111111110000000111
20,100000000111111111111111111111111111111111111111111111111111111111111111111111110000000111
21,100000000111111111111111111111111111111111111111111111111111111111111111111111110000000111
22,100000000111111111111111111111111111111111111111111111111111111111111111111111110000000111
23,100000000111111111111111111111111111111111111111111111111111111111111111111111110000000111
24,100000000111111111111111111111111111111111111111111111111111111111111111111111110000000111
25,100000000111111111111111111111111111111111111111111111111111111111111111111111110000000111
26,100000000111111111111111111111111111111111111111111111111111111111111111111111110000000111
27,100000000111111111111111111111111111111111111111111111111111111111111111111111110101010111
28,100000000111111111111111111111111111111111111111111111111111111111111111111111110000000111
29,100000000111111111111111111111111111111111111111111111111111111111111111111111110000000111
30,100000000111111111111111111111111111111111111111111111111111111111111111111111110000000111
31,100000000111111111111111111111111111111111111111111111111111111111111111111111110000000111
32,100000000111111111111111111111111111111111111111111111111111111111111111111111110000000111
33,100000000111111111111111111111111111111111111111111111111111111111111111111111110000000111
34,100000000111111111111111111111111111111111111111111111111111111111111111111111110000000111
35,100000000111111111111111111111111111111111111111111111111111111111111111111111110000000111
36,100000000111111111111111111111111111111111111111111111111111111111111111111111110000000111
37,100000000111111111111111111111111111111111111111111111111111111111111111111111110000000111
38,100000000111111111111111111111111111111111111111111111111111111111111111111111110000000111
39,100000000111111111111111111111111111111111111111111111111111111111111111111111110000000111
40,100000000111111111111111111111111111111111111111111111111111111111111111111111110000000111
41,100000000111111111111111111111111111111111111111111111111111111111111111111111110000000111
42,1000000001111111111111111111111111111111111111111111111111111111111111111111111d0000000111
43,100000000111111111111111111111111111111111111111111111111111111111111111111111122000000111
44,100000000c11111111111111111111111111111111111111111111111111111111111111111111122000000111
45,1b0000000011111111111111111111111111111111111111111111111111111111111111111111d00000000111
46,1100000000c111111111111111111111111111111111111111111111111111111111111111111d000000000111
47,11b00000000c1111111111111111111111111111111111111111111111111111111111111111d0000000000111
48,111000000000c1111111111111111111111111111111111111111111111111111111111111d000000000000111
49,1111000000000c11111111111111111111111111111111111111111111111111111111111d0000000000000111
50,111100000000002200000000000000000000000000000000000000000000000000000000000000000000000111
51,1111b000000000220000000000000000000000000000000000000000000000000000000000000000000000a111
52,111111000000000000000000000000000000000000000000000000000000000000000000000000000000001111
53,1111111b00000000000000000000000000000000000000000000000000000000000000000000000000000a1111
54,11111111b000000000000000000000000000000000000000000000000000000000000000000000000000111111
55,111111111b0000000000000000000000000000000000000000000000000000000000000000000000000a111111
56,11111111111b0000000000000000000000000000000000000000000000000000000000000000000000a1111111
57,111111111111111b00000000000000000000000000000000000000000000000000000000000000a11111111111
58,111111111111111111111111111111111111111111111111111111111111111111111111111111111111111111
59,111111111111111111111111111111111111111111111111111111111111111111111111111111111111111111]
Linea_salida:[X(80,86),Y(28,28)]
Posicion_coche:[84,29]
Movimiento_inicial_coche:[Y>28]
Linea_llegada:[X(80,86),Y(26,26)]
Llegada_meta:[Y>27]
Record_movimientos:inf
