Mapa:[0,111111111111111111111111111111111111111111111111111111111111111111111111111111111111111111
1,111111111111111111111111111111111111111111111111111111111111111111111111111111111111111111
2,111111111111111111111111111111111111111111111111111111111111111111111111111111111111111111
3,100000000000000000000000000000000000000000000000000000000000000000000000000000000000000111
4,100000000000000000000000000000000000000000000000000000000000000000000000000000000000000111
5,100000000000000000000000000000000000000000000000000000000000000000000000000000000000000111
6,100000000000000000000000000000000000000000000000000000000000000000000000000000000000000111
7,100000000000000000000000000000000000000000000000000000000000000000000000000000000000000111
8,100000000000000000000000000000000000000000000000000000000000000000000000000000000000000111
9,100000000000000000000000000000000000000000000000000000000000000000000000000000000000000111
10,100000000000000000000000000000000000000000000000000000000000000000000000022000000000000111
11,100000000000000a11111111111111111111111111111111111111111111111111111111b22000000000000111
12,1000000000000a1111111111111111111111111111111111111111111111111111111111111b00000000000111
13,100000000000a111111111111111111111111111111111111111111111111111111111111111b0000000000111
14,10000000000a11111111111111111111111111111111111111111111111111111111111111111b000000000111
15,1000000000a1111111111111111111111111111111111111111111111111111111111111111111000000000111
16,100000000011111111111111111111111111111111111111111111111111111111111111111111b00000000111
17,100000000a111111111111111111111111111111111111111111111111111111111111111111111b0000000111
18,100000022111111111111111111111111111111111111111111111111111111111111111111111110000000111
19,100000022111111111111111111111111111111111111111111111111111111111111111111111110000000111
20,100000022111111111111111111111111111111111111111111111111111111111111111111111110000000111
21,100000000111111111111111111111111111111111111111111111111111111111111111111111110000000111
22,100000000111111111111111111111111111111111111111111111111111111111111111111111110000000111
23,100000000111111111111111111111111111111111111111111111111111111111111111111111110000000111
24,100000000111111111111111111111111111111111111111111111111111111111111111111111110000000111
25,100000000111111111111111111111111111111111111111111111111111111111111111111111110000000111
26,100000000111111111111111111111111111111111111111111111111111111111111111111111110000000111
27,100000000111111111111111111111111111111111111111111111111111111111111111111111110000000111
28,100000000111111111111111111111111111111111111111111111111111111111111111111111110000000111
29,100000000111111111111111111111111111111111111111111111111111111111111111111111110000000111
30,100000000111111111111111111111111111111111111111111111111111111111111111111111110000000111
31,100000000111111111111111111111111111111111111111111111111111111111111111111111110000000111
32,100000000111111111111111111111111111111111111111111111111111111111111111111111110000000111
33,100000000111111111111111111111111111111111111111111111111111111111111111111111110000000111
34,100000000111111111111111111111111111111111111111111111111111111111111111111111110000000111
35,100000000111111111111111111111111111111111111111111111111111111111111111111111110000000111
36,100000000111111111111111111111111111111111111111111111111111111111111111111111110000000111
37,100000000111111111111111111111111111111111111111111111111111111111111111111111110000000111
38,100000000111111111111111111111111111111111111111111111111111111111111111111111110000000111
39,100000000111111111111111111111111111111111111111111111111111111111111111111111110000000111
40,100000000111111111111111111111111111111111111111111111111111111111111111111111110000000111
41,100000000111111111111111111111111111111111111111111111111111111111111111111111110000000111
42,1000000001111111111111111111111111111111111111111111111111111111111111111111111d0000000111
43,100000000111111111111111111111111111111111111111111111111111111111111111111111122000000111
44,100000000c11111111111111111111111111111111111111111111111111111111111111111111122000000111
45,100000000011111111111111111111111111111111111111111111111111111111111111111111d00000000111
46,1000000000c111111111111111111111111111111111111111111111111111111111111111111d000000000111
47,10000000000c1111111111111111111111111111111111111111111111111111111111111111d0000000000111
48,100000000000c1111111111111111111111111111111111111111111111111111111111111d000000000000111
49,1000000000000c11111111111111111111111111111111111111111111111111111111111d0000000000000111
50,100000000000002200000000000000000000000000000000000000000000000000000000000000000000000111
51,100000000000002200000000000000000000000000000000000000000000000000000000000000000000000111
52,100000000000000000000000000000000000000000000000000000000000000000000000000000000000000111
53,100000000000000000000000000000000000000000000000000000000000000000000000000000000000000111
54,100000000000000000000000000000000000000000000000000000000000000000000000000000000000000111
55,100000000000000000000000000000000000000000000000000000000000000000000000000000000000000111
56,100000000000000000000000000000000000000000000000000000000000000000000000000000000000000111
57,100000000000000000000000000000000000000000000000000000000000000000000000000000000000000111
58,111111111111111111111111111111111111111111111111111111111111111111111111111111111111111111
59,111111111111111111111111111111111111111111111111111111111111111111111111111111111111111111]
Linea_salida:[X(58,58),Y(50,57)]
Posicion_coche:[58,54]
Movimiento_inicial_coche:[X<58]
Linea_llegada:[X(59,59),Y(50,57)]
Llegada_meta:[X<59]
Record_movimientos:inf
