Mapa:[0,111111111111111111111111111111111111111111111111111111111111111111111111111111111111111111
1,111111111111111111111111111111111111111111111111111111111111111111111111111111111111111111
2,111111111111111111111111111111111111111111111111111111111111111111111111111111111111111111
3,111111111111111111111111111111111111111111111111111111111111111111111111111111111111111111
4,111111111111111111111111111111111111111111111111111111111111111111111111111111111111111111
5,10000000000000000000000000000000000c111111111111111111111111111111111111111111111111111111
6,100000000000000000000000000000000000c11111111111111111111111111111111111111111111111111111
7,100000000000000000000000000000000000001111111111111111111111111111d0000000c111111111111111
8,10000000000000000000000000000000000000111111111111111111111111111d000000000c11111111111111
9,1000000000000000000000000000000000000011111111111111111111111111d0000000000001111111111111
10,100000000000000000000000000000000000001111111111111111111111111d00000000000001111111111111
11,10000000000000000000000000000000000000111111111111111111111111d000000000000001111111111111
12,111111111111111111111111111b000000000011111111111111111111111d0000000000000001111111111111
13,1111111111111111111111111111b0000000001111111111111111111111d00000000000000001111111111111
14,11111111111111111111111111111000000000111111111111111111111d0000000a1000000001111111111111
15,1111111111111111111111111111d0000000a111111111111111111111d0000000a11000000001111111111111
16,111111111111111111111111111d0000000a111111111111111111111d0000000a111000000001111111111111
17,11111111111111111111111111d0000000a111111111111111111111d0000000a1111000000001111111111111
18,1111111111111111111111111d0000000a111111111111111111111d0000000a11111000000001111111111111
19,111111111111111111111111d0000000a111111111111111111111d0000000a111111000000001111111111111
20,11111111111111111111111d0000000a111111111111111111111d0000000a1111111000000001111111111111
21,1111111111111111111111000000000011111111111111111111d0000000a11111111000000001111111111111
22,1111111111111111111111000000000c1111111111111111111d0000000a111111111000000001111111111111
23,11111111111111111111111b00000000c11111111111111111d0000000a1111111111000000001111111111111
24,111111111111111111111111b00000000000000000000000000000000a11111111111000000001111111111111
25,1111111111111111111111111b000000000000000000000000000000a111111111111000000001111111111111
26,11111111111111111111111111b0000000000000000000000000000a1111111111111000000001111111111111
27,111111111111111111111111111b00000000000000000000000000a11111111111111000000001111111111111
28,1111111111111111111111111111b000000000000000000000000a111111111111111000000001111111111111
29,11111111111111111111111111111b0000000000000000000000a1111111111111111000000001111111111111
30,111111111111111111111111111111b00000000000000000000a11111111111111111000000001111111111111
31,111111111111111111111111111111111111111111111111111111111111111111111000000001111111111111
32,111111111111111111111111111111111111111111111111111111111111111111111000000001111111111111
33,111111111111111111111111111111111111111111111111111111111111111111111000000001111111111111
34,111111111111111111111111111111111111111111111111111111111111111111111000000001111111111111
35,111111111111111111111111111111111111111111111111111111111111111111111000000001111111111111
36,111111111111111111111111111111111111111111111111111111111111111111111d00000001111111111111
37,11111111111111111111111111111111111111111111111111111111111111111111d000000001111111111111
38,11111111111111111111111111111111111111111111111111d000000000000000000000000001111111111111
39,111111111111111111111111111111111111111111111111100000000000000000000000000001111111111111
40,111111111111111111111111111111111111111111111111100000000000000000000000000001111111111111
41,111111111111111111111111111111111111111111111111100000000000000000000000000001111111111111
42,111111111111111111111111111111111111111111111111100000000000000000000000000001111111111111
43,111111111111111111111111111111111111111111111111100000000000000000000000000a11111111111111
44,111111111111111111111111111111111111111111111111100000000a11111111111111111111111111111111
45,11111111111111111111111111111111111111111111111110000000a111111111111111111111111111111111
46,111111111111111111111111111111111111111111111111100000000111111111111111111111111111111111
47,111111111111111111111111111111111111111111111111100000000111111111111111111111111111111111
48,111111111111111111111111111111111111111111111111100000000111111111111111111111111111111111
49,111111111111111111111111111111111111111111111111100000000111111111111111111111111111111111
50,111111111111111111111111111111111111111111111111100000000111111111111111111111111111111111
51,111111111111111111111111111111111111111111111111100000000111111111111111111111111111111111
52,111111111111111111111111111111111111111111111111110101010111111111111111111111111111111111
53,111111111111111111111111111111111111111111111111101010101111111111111111111111111111111111
54,111111111111111111111111111111111111111111111111110101010111111111111111111111111111111111
55,111111111111111111111111111111111111111111111111101010101111111111111111111111111111111111
56,111111111111111111111111111111111111111111111111100000000111111111111111111111111111111111
57,111111111111111111111111111111111111111111111111111111111111111111111111111111111111111111
58,111111111111111111111111111111111111111111111111111111111111111111111111111111111111111111
59,111111111111111111111111111111111111111111111111111111111111111111111111111111111111111111]
Linea_salida:[X(1,1),Y(5,11)]
Posicion_coche:[2,8]
Movimiento_inicial_coche:[X>1]
Linea_llegada:[X(49,56),Y(51,51)]
Llegada_meta:[Y>52]
Record_movimientos: 33, apodo: Javichu, fecha: 27/10/2023 00:19
